8.11E-26
8.18E-26
1.33E-25
7.98E-26
7.60E-26
4.81E-26
7.81E-26
7.26E-26
5.87E-26
7.38E-26
5.17E-26
3.88E-26
4.13E-26
4.72E-26
3.38E-26
3.07E-26
3.36E-26
4.29E-26
3.36E-26
2.44E-26
2.58E-26
2.62E-26
1.38E-26
2.12E-26
1.67E-26
1.74E-26
3.04E-26
2.25E-26
2.49E-26
2.34E-26
1.75E-26
2.15E-26
2.30E-26
2.82E-26
2.90E-26
2.49E-26
2.19E-26
3.18E-26
3.29E-26
2.80E-26
2.88E-26
2.83E-26
3.36E-26
3.03E-26
3.66E-26
4.14E-26
4.24E-26
4.69E-26
4.88E-26
5.94E-26
6.14E-26
6.61E-26
6.93E-26
7.65E-26
8.32E-26
8.82E-26
9.81E-26
1.07E-25
1.14E-25
1.24E-25
1.34E-25
1.41E-25
1.51E-25
1.61E-25
1.72E-25
1.83E-25
1.94E-25
2.06E-25
2.18E-25
2.25E-25
2.33E-25
2.43E-25
2.49E-25
2.51E-25
2.54E-25
2.55E-25
2.57E-25
2.53E-25
2.52E-25
2.48E-25
2.42E-25
2.39E-25
2.34E-25
2.31E-25
2.27E-25
2.25E-25
2.24E-25
2.24E-25
2.23E-25
2.24E-25
2.25E-25
2.26E-25
2.29E-25
2.29E-25
2.31E-25
2.33E-25
2.35E-25
2.36E-25
2.37E-25
2.39E-25
2.42E-25
2.42E-25
2.46E-25
2.47E-25
2.49E-25
2.52E-25
2.52E-25
2.54E-25
2.55E-25
2.55E-25
2.56E-25
2.55E-25
2.56E-25
2.56E-25
2.54E-25
2.54E-25
2.55E-25
2.60E-25
2.63E-25
2.60E-25
2.63E-25
2.67E-25
2.65E-25
2.66E-25
2.69E-25
2.70E-25
2.71E-25
2.74E-25
2.77E-25
2.80E-25
2.84E-25
2.91E-25
2.96E-25
3.06E-25
3.24E-25
3.45E-25
3.88E-25
4.58E-25
6.05E-25
6.77E-25
7.31E-25
8.54E-25
9.09E-25
1.08E-24
1.22E-24
1.32E-24
1.40E-24
1.46E-24
1.44E-24
1.41E-24
1.42E-24
1.35E-24
1.33E-24
1.26E-24
1.19E-24
1.13E-24
1.04E-24
9.45E-25
8.80E-25
7.96E-25
7.38E-25
6.69E-25
5.33E-25
4.36E-25
3.64E-25
3.06E-25
2.67E-25
2.39E-25
2.18E-25
2.03E-25
1.91E-25
1.81E-25
1.72E-25
1.64E-25
1.58E-25
1.52E-25
1.48E-25
1.45E-25
1.43E-25
1.42E-25
1.38E-25
1.35E-25
1.32E-25
1.29E-25
1.26E-25
1.23E-25
1.20E-25
1.18E-25
1.14E-25
1.10E-25
1.06E-25
1.01E-25
9.76E-26
9.41E-26
9.06E-26
8.72E-26
8.35E-26
8.02E-26
7.69E-26
7.35E-26
7.01E-26
6.71E-26
6.40E-26
6.08E-26
5.80E-26
5.52E-26
5.26E-26
4.99E-26
4.74E-26
4.51E-26
4.27E-26
4.04E-26
3.83E-26
3.63E-26
3.43E-26
3.25E-26
3.05E-26
2.87E-26
2.71E-26
2.54E-26
2.39E-26
2.25E-26
2.10E-26
1.97E-26
1.84E-26
1.73E-26
1.62E-26
1.51E-26
1.41E-26
1.32E-26
1.23E-26
1.15E-26
1.08E-26
1.01E-26
9.41E-27
8.83E-27
8.29E-27
7.82E-27
7.34E-27
6.93E-27
6.54E-27
6.20E-27
5.86E-27
5.58E-27
5.31E-27
5.04E-27
4.79E-27
4.59E-27
4.36E-27
4.16E-27
3.98E-27
3.79E-27
3.62E-27
3.44E-27
3.27E-27
3.10E-27
2.94E-27
2.79E-27
2.62E-27
2.45E-27
2.31E-27
2.16E-27
2.03E-27
1.89E-27
1.76E-27
1.64E-27
1.52E-27
1.40E-27
1.30E-27
1.20E-27
1.11E-27
1.02E-27
9.35E-28
8.63E-28
7.90E-28
7.22E-28
6.64E-28
6.06E-28
5.59E-28
5.10E-28
4.65E-28
4.30E-28
3.89E-28
3.62E-28
3.30E-28
3.03E-28
2.79E-28
2.57E-28
2.35E-28
2.18E-28
2.01E-28
1.85E-28
1.71E-28
1.57E-28
1.45E-28
1.33E-28
1.22E-28
1.13E-28
1.04E-28
9.61E-29
8.88E-29
8.19E-29
7.57E-29
7.02E-29
6.46E-29
6.03E-29
5.62E-29
5.27E-29
4.92E-29
4.56E-29
4.31E-29
4.00E-29
3.75E-29
3.49E-29
3.24E-29
3.02E-29
2.81E-29
2.61E-29
2.43E-29
2.27E-29
2.11E-29
1.97E-29
1.84E-29
1.73E-29
1.62E-29
1.52E-29
1.42E-29
1.33E-29
1.26E-29
1.18E-29
1.10E-29
1.04E-29
9.86E-30
9.29E-30
8.80E-30
8.31E-30
7.93E-30
7.50E-30
7.12E-30
6.77E-30
6.50E-30
6.15E-30
5.84E-30
5.58E-30
5.34E-30
5.13E-30
4.88E-30
4.67E-30
4.48E-30
4.27E-30
4.08E-30
3.91E-30
3.75E-30
3.58E-30
3.44E-30
3.31E-30
3.16E-30
3.04E-30
2.91E-30
2.79E-30
2.67E-30
2.57E-30