6.28E-29
6.71E-29
1.16E-28
7.35E-29
7.41E-29
4.96E-29
8.53E-29
8.38E-29
7.18E-29
9.54E-29
7.07E-29
5.61E-29
6.32E-29
7.64E-29
5.79E-29
5.55E-29
6.43E-29
8.68E-29
7.18E-29
5.52E-29
6.17E-29
6.61E-29
3.68E-29
5.97E-29
4.99E-29
5.47E-29
1.01E-28
7.90E-29
9.22E-29
9.15E-29
7.23E-29
9.35E-29
1.06E-28
1.37E-28
1.49E-28
1.34E-28
1.25E-28
1.91E-28
2.09E-28
1.87E-28
2.03E-28
2.10E-28
2.64E-28
2.51E-28
3.19E-28
3.80E-28
4.10E-28
4.79E-28
5.24E-28
6.72E-28
7.33E-28
8.31E-28
9.17E-28
1.07E-27
1.22E-27
1.36E-27
1.60E-27
1.82E-27
2.06E-27
2.36E-27
2.67E-27
2.96E-27
3.33E-27
3.75E-27
4.22E-27
4.72E-27
5.24E-27
5.87E-27
6.53E-27
7.08E-27
7.73E-27
8.46E-27
9.10E-27
9.67E-27
1.03E-26
1.08E-26
1.15E-26
1.19E-26
1.24E-26
1.29E-26
1.32E-26
1.37E-26
1.40E-26
1.45E-26
1.50E-26
1.56E-26
1.63E-26
1.71E-26
1.79E-26
1.89E-26
1.99E-26
2.10E-26
2.23E-26
2.35E-26
2.48E-26
2.62E-26
2.77E-26
2.92E-26
3.08E-26
3.26E-26
3.45E-26
3.62E-26
3.86E-26
4.07E-26
4.30E-26
4.55E-26
4.77E-26
5.05E-26
5.30E-26
5.57E-26
5.84E-26
6.09E-26
6.41E-26
6.70E-26
6.98E-26
7.31E-26
7.69E-26
8.19E-26
8.70E-26
9.00E-26
9.51E-26
1.01E-25
1.05E-25
1.11E-25
1.17E-25
1.23E-25
1.29E-25
1.36E-25
1.44E-25
1.53E-25
1.62E-25
1.73E-25
1.84E-25
1.99E-25
2.19E-25
2.44E-25
2.87E-25
3.54E-25
4.89E-25
5.58E-25
6.13E-25
7.29E-25
7.90E-25
9.58E-25
1.10E-24
1.21E-24
1.30E-24
1.38E-24
1.39E-24
1.38E-24
1.42E-24
1.38E-24
1.37E-24
1.33E-24
1.28E-24
1.23E-24
1.15E-24
1.07E-24
1.01E-24
9.32E-25
8.79E-25
8.11E-25
6.67E-25
5.69E-25
4.96E-25
4.36E-25
3.97E-25
3.72E-25
3.53E-25
3.43E-25
3.38E-25
3.35E-25
3.30E-25
3.30E-25
3.31E-25
3.33E-25
3.39E-25
3.45E-25
3.56E-25
3.67E-25
3.73E-25
3.80E-25
3.88E-25
3.96E-25
4.04E-25
4.11E-25
4.18E-25
4.26E-25
4.31E-25
4.32E-25
4.35E-25
4.37E-25
4.38E-25
4.40E-25
4.41E-25
4.43E-25
4.42E-25
4.42E-25
4.41E-25
4.39E-25
4.37E-25
4.35E-25
4.32E-25
4.27E-25
4.25E-25
4.21E-25
4.17E-25
4.13E-25
4.08E-25
4.04E-25
3.98E-25
3.92E-25
3.87E-25
3.81E-25
3.75E-25
3.69E-25
3.61E-25
3.53E-25
3.47E-25
3.39E-25
3.31E-25
3.24E-25
3.14E-25
3.07E-25
2.98E-25
2.91E-25
2.83E-25
2.74E-25
2.68E-25
2.59E-25
2.52E-25
2.46E-25
2.38E-25
2.31E-25
2.25E-25
2.19E-25
2.14E-25
2.09E-25
2.04E-25
2.01E-25
1.97E-25
1.93E-25
1.90E-25
1.88E-25
1.86E-25
1.83E-25
1.80E-25
1.80E-25
1.77E-25
1.76E-25
1.75E-25
1.73E-25
1.71E-25
1.68E-25
1.66E-25
1.64E-25
1.61E-25
1.58E-25
1.54E-25
1.50E-25
1.47E-25
1.43E-25
1.39E-25
1.34E-25
1.30E-25
1.25E-25
1.20E-25
1.15E-25
1.11E-25
1.06E-25
1.02E-25
9.67E-26
9.19E-26
8.80E-26
8.35E-26
7.91E-26
7.55E-26
7.14E-26
6.82E-26
6.45E-26
6.10E-26
5.83E-26
5.47E-26
5.29E-26
4.99E-26
4.74E-26
4.52E-26
4.31E-26
4.09E-26
3.92E-26
3.74E-26
3.58E-26
3.43E-26
3.26E-26
3.12E-26
2.96E-26
2.82E-26
2.70E-26
2.57E-26
2.46E-26
2.35E-26
2.24E-26
2.15E-26
2.06E-26
1.96E-26
1.89E-26
1.83E-26
1.77E-26
1.71E-26
1.64E-26
1.60E-26
1.54E-26
1.49E-26
1.44E-26
1.38E-26
1.33E-26
1.28E-26
1.23E-26
1.19E-26
1.15E-26
1.10E-26
1.07E-26
1.03E-26
1.00E-26
9.64E-27
9.35E-27
9.06E-27
8.77E-27
8.55E-27
8.31E-27
8.03E-27
7.85E-27
7.67E-27
7.46E-27
7.30E-27
7.13E-27
7.03E-27
6.87E-27
6.74E-27
6.62E-27
6.56E-27
6.42E-27
6.29E-27
6.20E-27
6.13E-27
6.09E-27
5.98E-27
5.91E-27
5.86E-27
5.76E-27
5.69E-27
5.63E-27
5.58E-27
5.50E-27
5.44E-27
5.41E-27
5.34E-27
5.29E-27
5.23E-27
5.17E-27
5.11E-27
5.08E-27